wall,user,system,CPU,i-switched,v-switched
9.66,38.26,0.07,396%,4085,23
47.77,190.31,0.18,398%,46977,176
240.81,960.44,0.81,399%,236093,1396
12.29,37.84,0.03,308%,30,17
53.82,191.43,0.18,356%,191,57
253.04,950.38,1.14,376%,891,257
10.15,38.25,0.08,377%,118,20
51.64,189.88,0.29,368%,711,74
254.27,959.87,1.10,377%,3733,435
0.89,0.02,0.23,28%,18,3517
2.79,0.03,0.97,35%,258,18273
28.40,0.09,6.31,22%,777,89922
0.82,0.00,0.08,11%,4,2097
5.79,0.02,1.15,20%,2,14824
22.22,0.15,2.25,10%,3,75475
0.88,0.00,0.10,11%,1,2017
3.68,0.03,0.66,18%,2,13744
23.92,0.25,2.13,9%,3,66967
10.14,39.05,0.78,392%,7167,2315
49.84,194.69,3.46,397%,55406,11296
281.92,988.18,35.60,363%,309866,63150
11.49,38.48,0.44,338%,2,2581
52.71,193.64,2.34,371%,152,12217
259.22,972.50,11.47,379%,971,53093
11.66,38.33,0.49,332%,213,2581
52.86,193.60,2.29,370%,1826,12483
260.07,974.46,11.10,378%,10404,54011
