wall,user,system,CPU,i-switched,v-switched
35.45,35.15,0.01,99%,9204,23
176.16,175.66,0.03,99%,44902,103
37.37,35.54,0.00,95%,39,14
188.45,178.88,0.02,94%,192,54
38.01,36.10,0.00,94%,397,15
189.26,179.70,0.01,94%,1915,55
0.67,0.00,0.00,1%,143,3523
2.00,0.00,0.00,0%,214,15938
0.78,0.02,0.08,13%,4,1888
4.05,0.03,0.78,20%,3,9795
0.76,0.01,0.08,13%,3,1876
4.09,0.04,0.76,19%,3,9689
36.82,36.25,0.34,99%,11698,2130
183.34,180.59,1.98,99%,54922,10386
38.55,36.22,0.38,94%,39,1937
193.62,182.31,1.51,94%,189,9818
38.41,36.15,0.34,95%,394,1956
193.35,181.45,2.15,94%,1988,9811
