wall,user,system,CPU,i-switched,v-switched
35.39,35.18,0.01,99%,9015,34
176.15,175.62,0.03,99%,44883,103
37.50,35.62,0.00,94%,40,14
189.32,179.76,0.00,94%,192,55
37.93,36.00,0.00,94%,395,15
189.16,179.61,0.00,94%,1964,55
0.63,0.00,0.00,0%,159,3383
2.02,0.00,0.00,0%,199,15697
0.83,0.01,0.11,14%,4,1822
3.93,0.04,0.75,20%,3,10166
0.78,0.00,0.12,15%,4,1829
4.01,0.03,0.75,19%,4,9739
36.88,36.31,0.33,99%,11555,2163
183.61,181.13,1.70,99%,55011,10342
38.52,36.29,0.27,94%,35,1980
193.83,182.32,1.74,94%,183,9774
38.43,36.04,0.43,94%,401,1956
194.03,181.90,2.32,94%,2009,9701
