wall,user,system,CPU,i-switched,v-switched
35.29,35.15,0.01,99%,9005,23
176.35,175.81,0.05,99%,44914,103
37.28,35.46,0.00,95%,39,14
189.62,180.01,0.02,94%,193,54
37.93,36.01,0.00,94%,384,15
189.42,179.84,0.01,94%,1934,55
0.64,0.00,0.00,1%,136,3465
1.98,0.01,0.02,1%,211,16183
0.80,0.00,0.12,15%,5,1847
4.12,0.04,0.76,19%,3,9708
0.73,0.01,0.07,11%,5,1910
4.07,0.02,0.78,19%,3,9706
36.86,36.22,0.43,99%,11386,2146
183.55,180.98,1.81,99%,54816,10337
38.55,36.24,0.37,94%,37,1941
193.60,182.08,1.77,94%,185,9794
38.48,36.02,0.50,94%,398,1950
194.10,182.03,2.27,94%,1988,9827
