wall,user,system,CPU,i-switched,v-switched
18.09,35.80,0.02,197%,9174,35
89.71,178.97,0.04,199%,45605,193
451.55,901.05,0.16,199%,228981,1070
19.68,36.37,0.00,184%,36,15
96.36,181.84,0.03,188%,192,55
478.15,908.25,0.13,189%,954,255
20.21,36.33,0.00,179%,229,23
96.74,182.09,0.03,188%,1128,80
478.96,909.57,0.11,189%,5624,290
0.84,0.00,0.12,14%,74,3578
2.86,0.02,0.58,21%,202,17405
27.08,0.12,2.72,10%,567,81731
1.18,0.01,0.22,20%,2,2816
3.32,0.04,0.74,23%,1,14979
25.05,0.12,4.61,18%,2,75444
1.17,0.00,0.20,17%,2,2923
4.23,0.02,0.55,13%,4,10108
27.76,0.12,5.96,21%,7,75288
18.95,36.87,0.61,197%,11703,2174
94.34,185.33,2.36,198%,56191,10702
470.26,923.88,12.78,199%,264435,60111
20.23,36.72,0.44,183%,33,2466
98.47,184.10,1.84,188%,184,10323
496.45,931.12,10.68,189%,927,50577
20.61,36.76,0.46,180%,366,2340
99.04,184.79,1.67,188%,1971,10343
497.84,934.26,10.21,189%,10228,50788
