wall,user,system,CPU,i-switched,v-switched
17.95,35.78,0.02,199%,9074,23
89.78,179.13,0.02,199%,45746,296
450.74,899.34,0.18,199%,229020,989
19.20,36.37,0.00,189%,36,15
96.95,182.57,0.02,188%,189,55
479.19,908.23,0.16,189%,953,255
19.33,36.14,0.01,187%,225,23
96.18,181.62,0.02,188%,1123,78
478.23,908.25,0.08,189%,5665,291
0.76,0.00,0.12,15%,104,3397
3.43,0.04,0.58,18%,191,17931
41.52,0.17,3.07,7%,613,84414
1.03,0.00,0.16,16%,2,2926
4.14,0.00,1.30,31%,3,14991
39.12,0.14,5.44,14%,3,75957
1.20,0.00,0.25,21%,0,2997
4.07,0.02,0.54,13%,2,10129
32.81,0.20,2.32,7%,1,77789
18.87,36.80,0.59,198%,11612,2204
94.29,184.77,2.82,198%,56400,10942
469.88,922.74,13.12,199%,264790,59271
21.65,36.72,0.47,171%,30,2412
98.87,184.27,1.82,188%,186,10298
496.12,929.59,10.90,189%,933,50742
21.02,36.74,0.38,176%,370,2260
98.79,184.14,1.80,188%,1962,10203
496.08,930.10,10.31,189%,10173,51236
