wall,user,system,CPU,i-switched,v-switched
18.00,35.90,0.00,199%,9078,23
89.99,179.51,0.04,199%,45766,234
451.53,900.98,0.25,199%,229357,1194
19.76,36.44,0.00,184%,37,15
96.69,182.28,0.00,188%,187,55
478.06,907.99,0.14,189%,955,255
20.12,36.38,0.00,180%,230,23
96.27,181.40,0.00,188%,1136,81
478.37,908.31,0.08,189%,5649,290
0.78,0.00,0.12,15%,45,3650
2.76,0.04,0.48,18%,324,17271
40.06,0.13,3.13,8%,641,83789
1.14,0.00,0.23,20%,2,2862
3.34,0.03,0.82,25%,3,14974
34.42,0.25,2.49,7%,2,77933
0.94,0.00,0.15,16%,2,2111
3.65,0.01,0.91,25%,1,14910
35.30,0.14,5.38,15%,4,74127
18.89,36.87,0.61,198%,11699,2174
94.02,184.06,2.93,198%,56360,11027
470.71,925.01,12.62,199%,264905,59381
20.20,36.82,0.40,184%,35,2345
98.29,184.07,1.85,189%,183,10297
496.18,929.90,11.25,189%,948,50211
20.76,36.78,0.34,178%,381,2302
98.69,184.38,1.70,188%,1977,10148
495.92,929.92,10.32,189%,10172,50738
