wall,user,system,CPU,i-switched,v-switched
9.62,37.77,0.05,392%,3874,29
47.59,189.68,0.21,398%,46646,242
243.94,973.41,0.72,399%,238674,1205
14.54,38.08,0.03,262%,30,17
52.11,192.04,0.25,369%,196,57
251.76,951.55,1.35,378%,990,257
10.37,37.73,0.02,364%,117,20
51.99,190.68,0.19,367%,731,84
251.33,948.06,1.22,377%,3610,364
0.85,0.00,0.24,28%,36,3724
2.85,0.06,1.20,44%,244,18063
41.14,0.14,7.38,18%,962,89055
0.86,0.00,0.10,12%,2,2019
4.17,0.00,1.23,29%,2,15059
36.15,0.16,6.54,18%,2,77369
1.15,0.00,0.23,20%,2,3009
4.06,0.05,0.56,15%,2,10884
26.75,0.12,4.14,15%,3,71824
10.08,38.86,0.76,392%,6748,2327
49.78,194.78,3.15,397%,55339,11337
247.83,975.22,12.33,398%,258203,63734
11.14,38.17,0.50,347%,11,2754
52.74,192.85,2.09,369%,191,12460
258.52,969.24,11.40,379%,967,51688
12.31,38.24,0.47,314%,240,2580
53.13,192.75,2.09,366%,1875,12484
258.80,970.11,11.33,379%,10493,51603
