wall,user,system,CPU,i-switched,v-switched
10.48,38.00,1.21,374%,11378,75
52.20,191.00,4.44,374%,69964,190
279.97,960.56,13.21,347%,340255,519
12.34,37.82,0.05,306%,31,32
52.01,191.23,0.27,368%,191,56
251.98,953.64,1.31,378%,996,257
10.95,37.69,0.02,344%,156,36
51.16,189.10,0.31,370%,719,87
251.63,949.37,1.44,377%,3654,380
0.88,0.01,0.22,27%,41,2952
2.85,0.01,1.12,39%,242,18768
25.35,0.11,7.20,28%,923,88858
0.96,0.01,0.10,12%,2,2024
4.19,0.03,1.24,30%,2,15020
27.48,0.10,6.92,25%,1,74766
0.88,0.01,0.08,11%,2,2016
4.22,0.00,1.34,32%,2,15146
25.16,0.20,3.92,16%,2,74130
10.09,38.84,0.80,392%,7045,2315
49.94,195.18,3.18,397%,54783,11258
251.89,988.68,13.90,398%,258829,62131
12.45,38.10,0.44,309%,6,2775
53.39,193.85,2.35,367%,182,12310
259.64,974.10,11.60,379%,1001,50880
11.28,38.35,0.42,343%,209,2669
52.73,192.55,2.13,369%,1863,12541
259.94,973.68,11.43,378%,10451,52773
